-0.72552
-0.72408
-0.72264
-0.72119
-0.71975
-0.71831
-0.71686
-0.71542
-0.71397
-0.71253
-0.71108
-0.70964
-0.70819
-0.70675
-0.7053
-0.70385
-0.70241
-0.70096
-0.69951
-0.69806
-0.69662
-0.69517
-0.69372
-0.69227
-0.69082
-0.68937
-0.68792
-0.68647
-0.68502
-0.68357
-0.68212
-0.68067
-0.67922
-0.67777
-0.67631
-0.67486
-0.67341
-0.67196
-0.6705
-0.66905
-0.6676
-0.66614
-0.66469
-0.66323
-0.66178
-0.66032
-0.65887
-0.65741
-0.65596
-0.6545
-0.65305
-0.65159
-0.65013
-0.64868
-0.64722
-0.64576
-0.6443
-0.64285
-0.64139
-0.63993
-0.63847
-0.63701
-0.63555
-0.63409
-0.63263
-0.63117
-0.62971
-0.62825
-0.62679
-0.62533
-0.62387
-0.62241
-0.62095
-0.61949
-0.61803
-0.61656
-0.6151
-0.61364
-0.61218
-0.61071
-0.60925
-0.60779
-0.60633
-0.60486
-0.6034
-0.60193
-0.60047
-0.59901
-0.59754
-0.59608
-0.59461
-0.59315
-0.59168
-0.59021
-0.58875
-0.58728
-0.58582
-0.58435
-0.58288
-0.58142
-0.57995
-0.57848
-0.57702
-0.57555
-0.57408
-0.57261
-0.57115
-0.56968
-0.56821
-0.56674
-0.56527
-0.5638
-0.56234
-0.56087
-0.5594
-0.55793
-0.55646
-0.55499
-0.55352
-0.55205
-0.55058
-0.54911
-0.54764
-0.54617
-0.5447
-0.54323
-0.54176
-0.54029
-0.53881
-0.53734
-0.53587
-0.5344
-0.53293
-0.53146
-0.52999
-0.52851
-0.52704
-0.52557
-0.5241
-0.52262
-0.52115
-0.51968
-0.51821
-0.51673
-0.51526
-0.51379
-0.51231
-0.51084
-0.50937
-0.50789
-0.50642
-0.50495
-0.50347
-0.502
-0.50053
-0.49905
-0.49758
-0.4961
-0.49463
-0.49316
-0.49168
-0.49021
-0.48873
-0.48726
-0.48578
-0.48431
-0.48283
-0.48136
-0.47988
-0.47841
-0.47693
-0.47546
-0.47398
-0.47251
-0.47103
-0.46956
-0.46808
-0.46661
-0.46513
-0.46365
-0.46218
-0.4607
-0.45923
-0.45775
-0.45628
-0.4548
-0.45332
-0.45185
-0.45037
-0.4489
-0.44742
-0.44595
-0.44447
-0.44299
-0.44152
-0.44004
-0.43857
-0.43709
-0.43561
-0.43414
-0.43266
-0.43119
-0.42971
-0.42823
-0.42676
-0.42528
-0.42381
-0.42233
-0.42085
-0.41938
-0.4179
-0.41643
-0.41495
-0.41347
-0.412
-0.41052
-0.40905
-0.40757
-0.40609
-0.40462
-0.40314
-0.40167
-0.40019
-0.39872
-0.39724
-0.39576
-0.39429
-0.39281
-0.39134
-0.38986
-0.38839
-0.38691
-0.38544
-0.38396
-0.38249
-0.38101
-0.37954
-0.37806
-0.37659
-0.37511
-0.37364
-0.37216
-0.37069
-0.36921
-0.36774
-0.36626
-0.36479
-0.36331
-0.36184
-0.36037
-0.35889
-0.35742
-0.35594
-0.35447
-0.353
-0.35152
-0.35005
-0.34858
-0.3471
-0.34563
-0.34416
-0.34268
-0.34121
-0.33974
-0.33827
-0.33679
-0.33532
-0.33385
-0.33238
-0.33091
-0.32943
-0.32796
-0.32649
-0.32502
-0.32355
-0.32208
-0.32061
-0.31914
-0.31766
-0.31619
-0.31472
-0.31325
-0.31178
-0.31031
-0.30884
-0.30737
-0.3059
-0.30443
-0.30297
-0.3015
-0.30003
-0.29856
-0.29709
-0.29562
-0.29415
-0.29269
-0.29122
-0.28975
-0.28828
-0.28682
-0.28535
-0.28388
-0.28242
-0.28095
-0.27948
-0.27802
-0.27655
-0.27508
-0.27362
-0.27215
-0.27069
-0.26922
-0.26776
-0.26629
-0.26483
-0.26337
-0.2619
-0.26044
-0.25898
-0.25751
-0.25605
-0.25459
-0.25312
-0.25166
-0.2502
-0.24874
-0.24728
-0.24582
-0.24436
-0.24289
-0.24143
-0.23997
-0.23851
-0.23705
-0.23559
-0.23414
-0.23268
-0.23122
-0.22976
-0.2283
-0.22684
-0.22539
-0.22393
-0.22247
-0.22101
-0.21956
-0.2181
-0.21665
-0.21519
-0.21374
-0.21228
-0.21083
-0.20937
-0.20792
-0.20646
-0.20501
-0.20356
-0.2021
-0.20065
-0.1992
-0.19775
-0.19629
-0.19484
-0.19339
-0.19194
-0.19049
-0.18904
-0.18759
-0.18614
-0.18469
-0.18324
-0.1818
-0.18035
-0.1789
-0.17745
-0.17601
-0.17456
-0.17311
-0.17167
-0.17022
-0.16878
-0.16733
-0.16589
-0.16444
-0.163
-0.16156
-0.16011
-0.15867
-0.15723
-0.15579
-0.15434
-0.1529
-0.15146
-0.15002
-0.14858
-0.14714
-0.1457
-0.14426
-0.14283
-0.14139
-0.13995
-0.13851
-0.13708
-0.13564
-0.1342
-0.13277
-0.13133
-0.1299
-0.12846
-0.12703
-0.1256
-0.12416
-0.12273
-0.1213
-0.11987
-0.11844
-0.117
-0.11557
-0.11414
-0.11271
-0.11129
-0.10986
-0.10843
-0.107
-0.10557
-0.10415
-0.10272
-0.10129
-0.099869
-0.098444
-0.09702
-0.095596
-0.094172
-0.092749
-0.091326
-0.089904
-0.088483
-0.087062
-0.085641
-0.084221
-0.082801
-0.081382
-0.079963
-0.078545
-0.077128
-0.07571
-0.074294
-0.072878
-0.071462
-0.070047
-0.068632
-0.067218
-0.065805
-0.064392
-0.062979
-0.061567
-0.060156
-0.058745
-0.057335
-0.055925
-0.054515
-0.053107
-0.051698
-0.050291
-0.048884
-0.047477
-0.046071
-0.044666
-0.043261
-0.041857
-0.040453
-0.03905
-0.037647
-0.036245
-0.034844
-0.033443
-0.032042
-0.030643
-0.029243
-0.027845
-0.026447
-0.025049
-0.023653
-0.022256
-0.020861
-0.019466
-0.018071
-0.016678
-0.015284
-0.013892
-0.0125
-0.011109
-0.0097178
-0.0083276
-0.0069381
-0.0055493
-0.004161
-0.0027734
-0.0013864
-2.7756e-16
